# Blender v2.92.0 OBJ File: 'pintu.blend'
# www.blender.org
mtllib pintu.mtl
o Cube
v -0.175663 14.039201 -5.317618
v -0.175663 13.756263 -5.317618
v -0.175663 14.039201 5.317618
v -0.175663 13.756263 5.317618
v 0.214563 14.039201 -5.317618
v 0.214563 13.756263 -5.317618
v 0.214563 14.039201 5.317618
v 0.214563 13.756263 5.317618
vt 0.625000 0.500000
vt 0.625000 0.750000
vt 0.875000 0.750000
vt 0.875000 0.500000
vt 0.375000 0.750000
vt 0.375000 1.000000
vt 0.625000 1.000000
vt 0.375000 0.000000
vt 0.375000 0.250000
vt 0.625000 0.250000
vt 0.625000 0.000000
vt 0.125000 0.500000
vt 0.125000 0.750000
vt 0.375000 0.500000
vn 0.0000 1.0000 0.0000
vn 0.0000 0.0000 1.0000
vn 1.0000 0.0000 0.0000
vn 0.0000 -1.0000 0.0000
vn -1.0000 0.0000 0.0000
vn 0.0000 0.0000 -1.0000
usemtl Material
s off
f 1/1/1 3/2/1 7/3/1 5/4/1
f 4/5/2 8/6/2 7/7/2 3/2/2
f 8/8/3 6/9/3 5/10/3 7/11/3
f 6/12/4 8/13/4 4/5/4 2/14/4
f 2/14/5 4/5/5 3/2/5 1/1/5
f 6/9/6 2/14/6 1/1/6 5/10/6
o Cube.001
v -0.162635 14.012543 -5.018987
v -0.162942 14.015253 -5.301919
v -0.455551 0.997318 -5.143287
v -0.455859 1.000027 -5.426219
v 0.227541 14.003767 -5.019495
v 0.227233 14.006475 -5.302427
v -0.065375 0.988541 -5.143795
v -0.065683 0.991251 -5.426727
vt 0.625000 0.500000
vt 0.625000 0.750000
vt 0.875000 0.750000
vt 0.875000 0.500000
vt 0.375000 0.750000
vt 0.375000 1.000000
vt 0.625000 1.000000
vt 0.375000 0.000000
vt 0.375000 0.250000
vt 0.625000 0.250000
vt 0.625000 0.000000
vt 0.125000 0.500000
vt 0.125000 0.750000
vt 0.375000 0.500000
vn 0.0011 -0.0096 1.0000
vn -0.0225 -0.9997 -0.0095
vn 0.9997 -0.0225 -0.0013
vn -0.0011 0.0096 -1.0000
vn -0.9997 0.0225 0.0013
vn 0.0225 0.9997 0.0095
usemtl Material
s off
f 9/15/7 11/16/7 15/17/7 13/18/7
f 12/19/8 16/20/8 15/21/8 11/16/8
f 16/22/9 14/23/9 13/24/9 15/25/9
f 14/26/10 16/27/10 12/19/10 10/28/10
f 10/28/11 12/19/11 11/16/11 9/15/11
f 14/23/12 10/28/12 9/15/12 13/24/12
o Cube.003
v -0.241300 11.341732 -5.343060
v -0.241300 11.058794 -5.343060
v -0.241300 11.341732 5.292177
v -0.241300 11.058794 5.292177
v 0.148926 11.341732 -5.343060
v 0.148926 11.058794 -5.343060
v 0.148926 11.341732 5.292177
v 0.148926 11.058794 5.292177
vt 0.625000 0.500000
vt 0.625000 0.750000
vt 0.875000 0.750000
vt 0.875000 0.500000
vt 0.375000 0.750000
vt 0.375000 1.000000
vt 0.625000 1.000000
vt 0.375000 0.000000
vt 0.375000 0.250000
vt 0.625000 0.250000
vt 0.625000 0.000000
vt 0.125000 0.500000
vt 0.125000 0.750000
vt 0.375000 0.500000
vn 0.0000 1.0000 0.0000
vn 0.0000 0.0000 1.0000
vn 1.0000 0.0000 0.0000
vn 0.0000 -1.0000 0.0000
vn -1.0000 0.0000 0.0000
vn 0.0000 0.0000 -1.0000
usemtl Material
s off
f 17/29/13 19/30/13 23/31/13 21/32/13
f 20/33/14 24/34/14 23/35/14 19/30/14
f 24/36/15 22/37/15 21/38/15 23/39/15
f 22/40/16 24/41/16 20/33/16 18/42/16
f 18/42/17 20/33/17 19/30/17 17/29/17
f 22/37/18 18/42/18 17/29/18 21/38/18
o Cube.004
v -0.159048 13.927005 0.034054
v -0.159356 13.929713 -0.248857
v -0.222935 11.088284 0.006943
v -0.223243 11.090992 -0.275968
v 0.230967 13.918232 0.033545
v 0.230660 13.920940 -0.249366
v 0.167080 11.079511 0.006434
v 0.166772 11.082219 -0.276477
vt 0.625000 0.500000
vt 0.625000 0.750000
vt 0.875000 0.750000
vt 0.875000 0.500000
vt 0.375000 0.750000
vt 0.375000 1.000000
vt 0.625000 1.000000
vt 0.375000 0.000000
vt 0.375000 0.250000
vt 0.625000 0.250000
vt 0.625000 0.000000
vt 0.125000 0.500000
vt 0.125000 0.750000
vt 0.375000 0.500000
vn 0.0011 -0.0096 1.0000
vn -0.0225 -0.9997 -0.0095
vn 0.9997 -0.0225 -0.0013
vn -0.0011 0.0096 -1.0000
vn -0.9997 0.0225 0.0013
vn 0.0225 0.9997 0.0095
usemtl Material
s off
f 25/43/19 27/44/19 31/45/19 29/46/19
f 28/47/20 32/48/20 31/49/20 27/44/20
f 32/50/21 30/51/21 29/52/21 31/53/21
f 30/54/22 32/55/22 28/47/22 26/56/22
f 26/56/23 28/47/23 27/44/23 25/43/23
f 30/51/24 26/56/24 25/43/24 29/52/24
o Plane
v -0.068413 11.304395 5.222017
v 0.018512 13.810798 5.222017
v -0.068413 11.304395 -0.243780
v 0.018512 13.810798 -0.243780
vt 0.000000 0.000000
vt 1.000000 0.000000
vt 1.000000 1.000000
vt 0.000000 1.000000
vn -0.9994 0.0347 0.0000
usemtl Material.005
s off
f 33/57/25 34/58/25 36/59/25 35/60/25
o Plane.001
v -0.068413 11.304395 -0.117893
v 0.018512 13.810798 -0.117893
v -0.068413 11.304395 -5.287508
v 0.018512 13.810798 -5.287508
vt 0.000000 0.000000
vt 1.000000 0.000000
vt 1.000000 1.000000
vt 0.000000 1.000000
vn -0.9994 0.0347 0.0000
usemtl Material.005
s off
f 37/61/26 38/62/26 40/63/26 39/64/26
o Cube.002_Cube.005
v -0.162635 14.034832 5.503975
v -0.162942 14.037540 5.221043
v -0.455551 1.019606 5.379675
v -0.455859 1.022316 5.096743
v 0.227541 14.026054 5.503467
v 0.227233 14.028765 5.220534
v -0.065375 1.010829 5.379167
v -0.065683 1.013539 5.096234
vt 0.625000 0.500000
vt 0.625000 0.750000
vt 0.875000 0.750000
vt 0.875000 0.500000
vt 0.375000 0.750000
vt 0.375000 1.000000
vt 0.625000 1.000000
vt 0.375000 0.000000
vt 0.375000 0.250000
vt 0.625000 0.250000
vt 0.625000 0.000000
vt 0.125000 0.500000
vt 0.125000 0.750000
vt 0.375000 0.500000
vn 0.0011 -0.0096 1.0000
vn -0.0225 -0.9997 -0.0095
vn 0.9997 -0.0225 -0.0013
vn -0.0011 0.0096 -1.0000
vn -0.9997 0.0225 0.0013
vn 0.0225 0.9997 0.0096
usemtl Material
s off
f 41/65/27 43/66/27 47/67/27 45/68/27
f 44/69/28 48/70/28 47/71/28 43/66/28
f 48/72/29 46/73/29 45/74/29 47/75/29
f 46/76/30 48/77/30 44/69/30 42/78/30
f 42/78/31 44/69/31 43/66/31 41/65/31
f 46/73/32 42/78/32 41/65/32 45/74/32
o Cube.005_Cube.007
v -0.162635 14.034832 5.503975
v -0.162942 14.037540 5.221043
v -0.455551 1.019606 5.379675
v -0.455859 1.022316 5.096743
v 0.227541 14.026054 5.503467
v 0.227233 14.028765 5.220534
v -0.065375 1.010829 5.379167
v -0.065683 1.013539 5.096234
vt 0.625000 0.500000
vt 0.625000 0.750000
vt 0.875000 0.750000
vt 0.875000 0.500000
vt 0.375000 0.750000
vt 0.375000 1.000000
vt 0.625000 1.000000
vt 0.375000 0.000000
vt 0.375000 0.250000
vt 0.625000 0.250000
vt 0.625000 0.000000
vt 0.125000 0.500000
vt 0.125000 0.750000
vt 0.375000 0.500000
vn 0.0011 -0.0096 1.0000
vn -0.0225 -0.9997 -0.0095
vn 0.9997 -0.0225 -0.0013
vn -0.0011 0.0096 -1.0000
vn -0.9997 0.0225 0.0013
vn 0.0225 0.9997 0.0096
usemtl Material
s off
f 49/79/33 51/80/33 55/81/33 53/82/33
f 52/83/34 56/84/34 55/85/34 51/80/34
f 56/86/35 54/87/35 53/88/35 55/89/35
f 54/90/36 56/91/36 52/83/36 50/92/36
f 50/92/37 52/83/37 51/80/37 49/79/37
f 54/87/38 50/92/38 49/79/38 53/88/38
o Cube.006_Cube.008
v -0.347099 11.075233 -0.168221
v -0.352416 11.122034 -5.056063
v -0.573995 0.993503 -0.264506
v -0.579312 1.040304 -5.152348
v 0.043186 11.066456 -0.168730
v 0.037869 11.113256 -5.056572
v -0.183710 0.984725 -0.265014
v -0.189027 1.031525 -5.152856
vt 0.625000 0.500000
vt 0.625000 0.750000
vt 0.875000 0.750000
vt 0.875000 0.500000
vt 0.375000 0.750000
vt 0.375000 1.000000
vt 0.625000 1.000000
vt 0.375000 0.000000
vt 0.375000 0.250000
vt 0.625000 0.250000
vt 0.625000 0.000000
vt 0.125000 0.500000
vt 0.125000 0.750000
vt 0.375000 0.500000
vn 0.0011 -0.0096 1.0000
vn -0.0225 -0.9997 -0.0095
vn 0.9997 -0.0225 -0.0013
vn -0.0011 0.0096 -1.0000
vn -0.9997 0.0225 0.0013
vn 0.0225 0.9997 0.0095
usemtl Material.010
s off
f 57/93/39 59/94/39 63/95/39 61/96/39
f 60/97/40 64/98/40 63/99/40 59/94/40
f 64/100/41 62/101/41 61/102/41 63/103/41
f 62/104/42 64/105/42 60/97/42 58/106/42
f 58/106/43 60/97/43 59/94/43 57/93/43
f 62/101/44 58/106/44 57/93/44 61/102/44
o Cube.007_Cube.009
v -0.346886 11.032996 5.206547
v -0.352627 11.083528 -0.070958
v -0.573784 0.951194 5.110262
v -0.579525 1.001725 -0.167243
v 0.043399 11.024218 5.206038
v 0.037658 11.074749 -0.071467
v -0.183499 0.942415 5.109754
v -0.189240 0.992947 -0.167752
vt 0.625000 0.500000
vt 0.625000 0.750000
vt 0.875000 0.750000
vt 0.875000 0.500000
vt 0.375000 0.750000
vt 0.375000 1.000000
vt 0.625000 1.000000
vt 0.375000 0.000000
vt 0.375000 0.250000
vt 0.625000 0.250000
vt 0.625000 0.000000
vt 0.125000 0.500000
vt 0.125000 0.750000
vt 0.375000 0.500000
vn 0.0011 -0.0096 1.0000
vn -0.0225 -0.9997 -0.0095
vn 0.9997 -0.0225 -0.0013
vn -0.0011 0.0096 -1.0000
vn -0.9997 0.0225 0.0013
vn 0.0225 0.9997 0.0095
usemtl Material.010
s off
f 65/107/45 67/108/45 71/109/45 69/110/45
f 68/111/46 72/112/46 71/113/46 67/108/46
f 72/114/47 70/115/47 69/116/47 71/117/47
f 70/118/48 72/119/48 68/111/48 66/120/48
f 66/120/49 68/111/49 67/108/49 65/107/49
f 70/115/50 66/120/50 65/107/50 69/116/50
o Cube.008_Cube.012
v -0.346886 11.032996 5.206547
v -0.352627 11.083528 -0.070958
v -0.573784 0.951194 5.110262
v -0.579525 1.001725 -0.167243
v 0.043399 11.024218 5.206038
v 0.037658 11.074749 -0.071467
v -0.183499 0.942415 5.109754
v -0.189240 0.992947 -0.167752
vt 0.625000 0.500000
vt 0.625000 0.750000
vt 0.875000 0.750000
vt 0.875000 0.500000
vt 0.375000 0.750000
vt 0.375000 1.000000
vt 0.625000 1.000000
vt 0.375000 0.000000
vt 0.375000 0.250000
vt 0.625000 0.250000
vt 0.625000 0.000000
vt 0.125000 0.500000
vt 0.125000 0.750000
vt 0.375000 0.500000
vn 0.0011 -0.0096 1.0000
vn -0.0225 -0.9997 -0.0095
vn 0.9997 -0.0225 -0.0013
vn -0.0011 0.0096 -1.0000
vn -0.9997 0.0225 0.0013
vn 0.0225 0.9997 0.0095
usemtl Material.012
s off
f 73/121/51 75/122/51 79/123/51 77/124/51
f 76/125/52 80/126/52 79/127/52 75/122/52
f 80/128/53 78/129/53 77/130/53 79/131/53
f 78/132/54 80/133/54 76/125/54 74/134/54
f 74/134/55 76/125/55 75/122/55 73/121/55
f 78/129/56 74/134/56 73/121/56 77/130/56
o Cube.010_Cube.013
v -0.501023 4.012936 -1.065106
v -0.431279 10.197367 -1.065106
v -0.501023 4.012936 -2.787062
v -0.431279 10.197367 -2.787062
v -0.520195 4.013152 -1.065106
v -0.450452 10.197582 -1.065106
v -0.520195 4.013152 -2.787062
v -0.450452 10.197582 -2.787062
vt 0.375000 0.000000
vt 0.375000 0.250000
vt 0.625000 0.250000
vt 0.625000 0.000000
vt 0.375000 0.500000
vt 0.625000 0.500000
vt 0.375000 0.750000
vt 0.625000 0.750000
vt 0.375000 1.000000
vt 0.625000 1.000000
vt 0.125000 0.500000
vt 0.125000 0.750000
vt 0.875000 0.750000
vt 0.875000 0.500000
vn 0.9999 -0.0113 0.0000
vn 0.0000 0.0000 -1.0000
vn -0.9999 0.0113 0.0000
vn 0.0000 0.0000 1.0000
vn -0.0113 -0.9999 0.0000
vn 0.0112 0.9999 0.0000
usemtl Material.013
s off
f 81/135/57 83/136/57 84/137/57 82/138/57
f 83/136/58 87/139/58 88/140/58 84/137/58
f 87/139/59 85/141/59 86/142/59 88/140/59
f 85/141/60 81/143/60 82/144/60 86/142/60
f 83/145/61 81/146/61 85/141/61 87/139/61
f 88/140/62 86/142/62 82/147/62 84/148/62
o Cube.011_Cube.015
v -0.468063 7.046816 0.318441
v -0.468351 7.049355 0.053278
v -0.502058 5.536304 0.304015
v -0.502346 5.538843 0.038852
v -0.339376 7.043921 0.318273
v -0.339664 7.046460 0.053110
v -0.373371 5.533410 0.303847
v -0.373659 5.535949 0.038684
vt 0.625000 0.500000
vt 0.625000 0.750000
vt 0.875000 0.750000
vt 0.875000 0.500000
vt 0.375000 0.750000
vt 0.375000 1.000000
vt 0.625000 1.000000
vt 0.375000 0.000000
vt 0.375000 0.250000
vt 0.625000 0.250000
vt 0.625000 0.000000
vt 0.125000 0.500000
vt 0.125000 0.750000
vt 0.375000 0.500000
vn 0.0011 -0.0096 1.0000
vn -0.0225 -0.9997 -0.0095
vn 0.9997 -0.0225 -0.0013
vn -0.0011 0.0096 -1.0000
vn -0.9997 0.0225 0.0013
vn 0.0225 0.9997 0.0095
usemtl Material.008
s off
f 89/149/63 91/150/63 95/151/63 93/152/63
f 92/153/64 96/154/64 95/155/64 91/150/64
f 96/156/65 94/157/65 93/158/65 95/159/65
f 94/160/66 96/161/66 92/153/66 90/162/66
f 90/162/67 92/153/67 91/150/67 89/149/67
f 94/157/68 90/162/68 89/149/68 93/158/68
o Cube.012_Cube.016
v -0.720091 6.682250 0.259037
v -0.720248 6.683637 0.114255
v -0.722667 6.567798 0.257944
v -0.722824 6.569184 0.113162
v -0.445055 6.676064 0.258679
v -0.445213 6.677450 0.113897
v -0.447631 6.561611 0.257586
v -0.447788 6.562998 0.112804
vt 0.625000 0.500000
vt 0.625000 0.750000
vt 0.875000 0.750000
vt 0.875000 0.500000
vt 0.375000 0.750000
vt 0.375000 1.000000
vt 0.625000 1.000000
vt 0.375000 0.000000
vt 0.375000 0.250000
vt 0.625000 0.250000
vt 0.625000 0.000000
vt 0.125000 0.500000
vt 0.125000 0.750000
vt 0.375000 0.500000
vn 0.0011 -0.0096 1.0000
vn -0.0225 -0.9997 -0.0095
vn 0.9997 -0.0225 -0.0013
vn -0.0011 0.0096 -1.0000
vn -0.9997 0.0225 0.0013
vn 0.0225 0.9997 0.0095
usemtl Material.008
s off
f 97/163/69 99/164/69 103/165/69 101/166/69
f 100/167/70 104/168/70 103/169/70 99/164/70
f 104/170/71 102/171/71 101/172/71 103/173/71
f 102/174/72 104/175/72 100/167/72 98/176/72
f 98/176/73 100/167/73 99/164/73 97/163/73
f 102/171/74 98/176/74 97/163/74 101/172/74
o Cube.013_Cube.017
v -0.853606 6.680222 0.788342
v -0.853606 6.568752 0.788342
v -0.853606 6.680222 0.117779
v -0.853606 6.568752 0.117779
v -0.681513 6.680222 0.788342
v -0.681513 6.568752 0.788342
v -0.681513 6.680222 0.117779
v -0.681513 6.568752 0.117779
vt 0.625000 0.500000
vt 0.875000 0.500000
vt 0.875000 0.750000
vt 0.625000 0.750000
vt 0.375000 0.750000
vt 0.625000 1.000000
vt 0.375000 1.000000
vt 0.375000 0.000000
vt 0.625000 0.000000
vt 0.625000 0.250000
vt 0.375000 0.250000
vt 0.125000 0.500000
vt 0.375000 0.500000
vt 0.125000 0.750000
vn 0.0000 1.0000 0.0000
vn 0.0000 0.0000 -1.0000
vn 1.0000 0.0000 0.0000
vn 0.0000 -1.0000 0.0000
vn -1.0000 0.0000 0.0000
vn 0.0000 0.0000 1.0000
usemtl Material.008
s off
f 105/177/75 109/178/75 111/179/75 107/180/75
f 108/181/76 107/180/76 111/182/76 112/183/76
f 112/184/77 111/185/77 109/186/77 110/187/77
f 110/188/78 106/189/78 108/181/78 112/190/78
f 106/189/79 105/177/79 107/180/79 108/181/79
f 110/187/80 109/186/80 105/177/80 106/189/80
o Cube.009_Cube.002
v -0.501023 4.012936 3.051755
v -0.431279 10.197367 3.051755
v -0.501023 4.012936 1.329799
v -0.431279 10.197367 1.329799
v -0.520195 4.013152 3.051755
v -0.450452 10.197582 3.051755
v -0.520195 4.013152 1.329799
v -0.450452 10.197582 1.329799
vt 0.375000 0.000000
vt 0.375000 0.250000
vt 0.625000 0.250000
vt 0.625000 0.000000
vt 0.375000 0.500000
vt 0.625000 0.500000
vt 0.375000 0.750000
vt 0.625000 0.750000
vt 0.375000 1.000000
vt 0.625000 1.000000
vt 0.125000 0.500000
vt 0.125000 0.750000
vt 0.875000 0.750000
vt 0.875000 0.500000
vn 0.9999 -0.0113 0.0000
vn 0.0000 0.0000 -1.0000
vn -0.9999 0.0113 0.0000
vn 0.0000 0.0000 1.0000
vn -0.0113 -0.9999 0.0000
vn 0.0112 0.9999 0.0000
usemtl Material.001
s off
f 113/191/81 115/192/81 116/193/81 114/194/81
f 115/192/82 119/195/82 120/196/82 116/193/82
f 119/195/83 117/197/83 118/198/83 120/196/83
f 117/197/84 113/199/84 114/200/84 118/198/84
f 115/201/85 113/202/85 117/197/85 119/195/85
f 120/196/86 118/198/86 114/203/86 116/204/86
